
E    #       LOSS TRANS...  LOSS NER  ENTS_F  ENTS_P  ENTS_R  SCORE
---  ------  -------------  --------  ------  ------  ------  ------
  0       0         366.22    602.84    0.59    0.33    3.34    0.01
  6     200       84762.82  61860.50   76.27   75.42   77.14    0.76
 13     400        4594.51   6602.65   80.00   80.60   79.41    0.80
 19     600        2160.12   3074.67   79.25   79.09   79.41    0.79
 26     800        2499.17   2071.58   82.67   80.92   84.49    0.83
 32    1000        3593.82   1831.51   81.36   79.39   83.42    0.81
wandb: Adding directory to artifact (./output_folder/model-last)... Done. 5.2s
 39    1200        1527.32   1546.96   81.05   79.79   82.35    0.81
 46    1400         152.67   1430.36   81.20   79.34   83.16    0.81
 52    1600         115.33   1372.29   80.68   78.83   82.62    0.81
 59    1800         156.56   1379.78   82.46   80.77   84.22    0.82
 65    2000        2187.34   1433.32   81.57   79.80   83.42    0.82
wandb: Adding directory to artifact (./output_folder/model-last)...