
E    #       LOSS TRANS...  LOSS NER  ENTS_F  ENTS_P  ENTS_R  SCORE
---  ------  -------------  --------  ------  ------  ------  ------
  0       0         930.71    580.89    0.02    0.01    0.13    0.00
  6     200       59137.80  60075.65   75.45   74.71   76.20    0.75
 13     400        5045.91   6005.56   81.79   82.85   80.75    0.82
 19     600        1313.73   2661.95   82.09   81.18   83.02    0.82
 26     800         730.59   1810.62   81.88   80.15   83.69    0.82
 32    1000         393.56   1445.48   83.11   81.15   85.16    0.83
wandb: Adding directory to artifact (./output_folder/model-last)... Done. 12.5s
 39    1200         316.62   1301.49   81.36   81.31   81.42    0.81
 46    1400         244.48   1205.96   81.29   81.56   81.02    0.81
 52    1600         180.75   1112.71   82.60   82.06   83.16    0.83
 59    1800         247.30   1129.31   82.53   82.31   82.75    0.83
 65    2000         160.00   1072.10   83.82   82.51   85.16    0.84
wandb: Adding directory to artifact (./output_folder/model-last)...
 72    2200         179.62   1071.93   81.98   81.87   82.09    0.82
 78    2400         100.21    995.22   81.55   80.13   83.02    0.82
 85    2600          66.96    979.19   82.18   82.68   81.68    0.82
 92    2800          73.89    960.85   82.79   81.66   83.96    0.83
 98    3000          44.95    959.32   82.42   81.82   83.02    0.82
wandb: Adding directory to artifact (./output_folder/model-last)...
Aborted!